1,17.89
2,19.43
3,17.87
4,16.24
5,19.22
6,16.49
7,22.77
8,17.22
9,23.12
10,25.61
11,35.36
12,35.81
13,25.69
14,38.44
15,25.36
16,26.53
17,33.17
18,35.75
19,21.09
20,36.88
21,37.16
22,35.53
23,37.41
24,34.97
25,35.52
26,33.42
27,34.67
28,33.38
29,21.40
30,25.51
31,23.83
32,31.09
33,21.11
34,29.68
35,22.65
36,22.54
37,20.05
38,31.33
39,30.44
40,21.07
41,22.11
42,21.00
43,21.08
44,34.72
45,19.63
46,21.37
47,33.33
48,32.47
49,18.77
50,31.83
51,21.08
52,31.83
53,29.66
54,20.40
55,20.90
56,19.03
57,29.63
58,29.57
59,21.16
60,17.59
61,27.51
62,21.40
63,17.08
64,18.00
65,27.27
66,28.36
67,18.09
68,28.43
69,21.15
70,29.26
71,20.23
72,28.18
73,18.41
74,27.94
75,28.56
76,18.34
77,27.63
78,18.79
79,30.29
80,29.68
81,18.73
82,19.23
83,28.05
84,29.66
85,18.89
86,28.04
87,18.44
88,18.48
89,26.33
90,31.29
91,26.40
92,26.03
93,17.16
94,33.30
95,17.24
96,23.26
97,29.21
98,22.14
99,15.92
100,17.03
101,22.15
102,16.24
103,29.04
104,30.33
105,17.37
106,16.08
107,21.73
108,15.72
109,15.54
110,17.20
111,16.41
112,17.65
113,17.99
114,18.72
115,28.21
116,18.27
117,28.01
118,25.80
119,17.99
120,18.20
121,26.18
122,17.82
123,27.68
124,17.87
125,26.03
126,18.08
127,26.92
128,27.25
129,18.15
130,25.67
131,21.28
132,24.78
133,26.30
134,26.17
135,26.18
136,25.61
137,24.20
138,25.20
139,23.94
140,18.66
141,19.48
142,20.64
143,22.60
144,19.78
145,22.38
146,19.93
147,22.69
148,26.57
149,22.58
150,25.40
151,26.25
152,22.71
153,25.36
154,55.99
155,144.26
156,19.46
157,24.19
158,20.40
159,15.39
160,19.34
161,19.06
162,25.24
163,75.48
164,88.59
165,55.27
166,27.58
167,24.77
168,41.16
169,32.98
170,88.23
171,72.22
172,44.83
173,51.09
174,33.76
175,63.15
176,31.35
177,65.95
178,65.46
179,86.06
180,97.46
181,99.59
182,54.32
183,66.58
184,77.99
185,56.43
186,58.40
187,55.78
188,46.85
189,44.14
190,56.77
191,58.56
192,44.96
193,38.42
194,49.00
195,37.71
196,62.07
197,55.62
198,38.23
199,51.53
200,56.78
201,48.50
202,60.81
203,30.07
204,35.17
205,67.46
206,30.52
207,29.64
208,26.39
209,30.85
210,35.03
211,36.07
212,28.15
213,26.51
214,23.89
215,24.62
216,31.29
217,20.81
218,17.87
219,19.45
220,17.85
221,19.58
222,17.32
223,16.44
224,28.95
225,20.74
226,19.61
227,24.54
228,20.16
229,28.03
230,22.10
231,29.83
232,65.16
233,111.49
234,86.39
235,83.12
236,117.76
237,94.59
238,76.14
239,79.21
240,104.29
241,96.09
242,100.78
243,71.77
244,55.81
245,84.96
246,78.05
247,81.27
248,62.74
249,60.60
250,75.19
251,77.70
252,77.22
253,64.51
254,52.48
255,75.59
256,78.85
257,65.42
258,74.79
259,49.09
260,50.49
261,82.86
262,62.30
263,48.59
264,46.59
265,85.50
266,44.07
267,33.70
268,46.63
269,52.51
270,34.92
271,37.10
272,48.96
273,40.71
274,43.11
275,43.15
276,33.46
277,37.65
278,50.44
279,48.45
280,27.48
281,42.81
282,62.30
283,53.22
284,27.10
285,40.33
286,29.64
287,27.23
288,25.11
289,27.62
290,33.39
291,17.60
292,31.20
293,29.65
294,28.76
295,33.32
296,28.30
297,14.98
298,58.86
299,28.85
300,29.79
301,51.90
302,44.81
303,59.28
304,23.83
305,22.52
306,69.06
307,23.96
308,27.31
309,31.02
310,31.53
311,20.96
312,29.12
313,41.58
314,26.19
315,25.60
316,30.40
317,28.26
318,31.90
319,28.62
320,45.06
321,26.20
322,33.62
323,31.80
324,32.26
325,47.74
326,30.54
327,24.17
328,20.70
329,41.20
330,24.70
331,25.67
332,38.02
333,23.17
334,46.02
335,22.67
336,21.43
337,34.44
338,22.41
339,21.68
340,23.29
341,21.71
342,21.46
343,23.93
344,18.94
345,22.61
346,35.33
347,26.98
348,22.39
349,23.81
350,23.54
351,24.13
352,31.47
353,21.63
354,31.17
355,19.56
356,25.24
357,21.52
358,19.69
359,27.29
360,23.58
361,34.21
362,19.45
363,21.47
364,29.02
365,19.00
366,20.03
367,30.20
368,29.83
369,28.32
370,23.91
371,19.11
372,27.96
373,33.04
374,27.38
375,14.64
376,16.63
377,24.12
378,27.16
379,34.09
380,28.84
381,16.95
382,24.61
383,56.11
384,19.60
385,86.97
386,19.89
387,48.29
388,56.05
389,17.12
390,24.04
391,20.36
392,19.78
393,18.18
394,19.75
395,22.94
396,38.37
397,23.12
398,28.74
399,21.12
400,21.15
401,57.59
402,20.35
403,55.01
404,22.51
405,29.07
406,29.82
407,25.14
408,35.68
409,25.90
410,35.24
411,47.80
412,29.91
413,44.76
414,48.18
415,20.83
416,16.42
417,29.91
418,20.90
419,23.30
420,23.84
421,26.34
422,19.67
423,25.68
424,17.73
425,18.25
426,13.06
427,15.30
428,26.64
429,43.65
430,16.17
431,42.69
432,15.98
433,18.28
434,20.71
435,17.62
436,20.25
437,13.14
438,21.46
439,22.46
440,35.92
441,14.19
442,17.32
443,35.18
444,41.26
445,19.86
446,38.89
447,44.45
448,13.65
449,48.42
450,20.88
451,24.96
452,35.25
453,16.46
454,17.07
455,18.81
456,27.06
457,14.28
458,18.56
459,14.11
460,21.60
461,15.71
462,15.45
463,15.96
464,14.12
465,26.73
466,33.57
467,32.05
468,38.97
469,12.39
470,23.30
471,40.56
472,34.27
473,31.40
474,43.57
475,37.73
476,16.30
477,43.84
478,18.69
479,34.50
480,23.50
481,24.25
482,38.93
483,23.36
484,18.46
485,20.02
486,32.28
487,82.07
488,23.98
489,39.23
490,21.13
491,73.29
492,33.87
493,20.86
494,25.90
495,24.93
496,24.92
497,23.72
498,28.66
499,30.13
500,58.98
501,35.09
502,29.61
503,45.63
504,28.65
505,65.35
506,31.06
507,22.74
508,51.80
509,65.90
510,25.93
511,38.25
512,51.56
513,24.32
514,35.27
515,59.80
516,47.25
517,28.30
518,51.78
519,64.73
520,26.92
521,41.63
522,68.37
523,35.23
524,39.12
525,56.82
526,70.83
527,28.51
528,45.57
529,37.18
530,81.77
531,70.22
532,41.01
533,74.58
534,74.16
535,44.24
536,73.56
537,26.73
538,31.52
539,57.68
540,21.47
541,24.18
542,94.29
543,24.73
544,29.61
545,84.97
546,27.20
547,33.37
548,69.05
549,38.15
550,76.89
551,30.71
552,40.52
553,38.63
554,77.51
555,21.33
556,43.61
557,81.78
558,90.95
559,40.16
560,55.79
561,82.32
562,26.00
563,40.88
564,59.03
565,74.76
566,42.15
567,66.01
568,42.91
569,60.96
570,41.78
571,64.51
572,56.67
573,69.52
574,24.77
575,65.48
576,70.39
577,26.54
578,42.44
579,61.85
580,24.94
581,43.07
582,77.43
583,39.77
584,55.69
585,37.98
586,59.63
587,32.86
588,65.75
589,64.88
590,48.01
591,64.77
592,83.36
593,34.81
594,46.30
595,29.07
596,40.49
597,53.67
598,61.75
599,53.70
600,49.50
601,32.51
602,61.79
603,48.69
604,21.51
605,62.10
606,86.70
607,40.70
608,100.76
609,14.92
610,16.44
611,101.32
612,13.80
613,17.12
614,18.24
615,19.17
616,16.69
617,25.27
618,24.49
619,21.51
620,22.48
621,23.84
622,22.80
623,16.36
624,22.07
625,19.17
626,22.20
627,25.98
628,23.56
629,24.08
630,16.35
631,23.12
632,25.05
633,25.05
634,21.41
635,24.02
636,25.40
637,15.44
638,22.63
639,24.37
640,21.57
641,16.51
642,25.06
643,24.52
644,18.30
645,27.21
646,16.89
647,38.86
648,15.15
649,25.33
650,19.10
651,34.09
652,36.67
653,33.50
654,19.18
655,83.84
656,26.07
657,54.58
658,58.04
659,99.98
660,17.57
661,71.49
662,20.84
663,33.73
664,25.91
665,14.85
666,73.17
667,83.65
668,74.72
669,94.08
670,21.94
671,49.19
672,56.71
673,49.60
674,42.54
675,49.21
676,42.08
677,43.66
678,43.83
679,40.41
680,52.73
681,48.49
682,43.20
683,47.31
684,50.17
685,49.03
686,47.10
687,44.38
688,69.19
689,41.90
690,56.22
691,38.83
692,44.03
693,46.23
694,20.30
695,22.08
696,19.14
697,19.76
698,22.56
699,17.37
700,20.17
701,14.72
702,17.95
703,15.97
704,18.15
705,18.24
706,22.19
707,18.31
708,20.34
709,19.79
710,15.74
711,22.76
712,13.67
713,16.50
714,21.61
715,17.16
716,21.97
717,19.63
718,17.31
719,20.99
720,12.83
721,20.72
722,20.41
723,23.76
724,19.66
725,12.47
726,22.76
727,20.89
728,24.20
729,20.46
730,18.63
731,23.16
732,19.13
733,25.07
734,22.02
735,19.82
736,20.80
737,25.07
738,29.89
739,18.68
740,23.08
741,29.01
742,17.98
743,29.28
744,21.44
745,29.66
746,20.07
747,18.38
748,25.79
749,29.34
750,18.54
751,26.51
752,27.03
753,26.98
754,26.31
755,21.32
756,29.11
757,22.36
758,27.79
759,24.94
760,22.85
761,24.11
762,24.90
763,23.53
764,23.31
765,23.26
766,24.10
767,24.90
768,21.96
769,22.82
770,26.12
771,26.33
772,23.33
773,24.57
774,25.10
775,23.71
776,26.32
777,24.68
778,27.45
779,27.95
780,26.90
781,26.57
782,26.86
783,18.05
784,24.14
785,19.26
786,22.69
787,24.51
788,20.09
789,23.48
790,25.25
791,20.03
792,18.39
793,23.58
794,23.55
795,20.32
796,19.01
797,24.10
798,21.50
799,20.11
800,25.85
801,24.21
802,24.05
803,25.50
804,25.89
805,19.91
806,20.04
807,22.27
808,25.46
809,23.83
810,18.99
811,20.82
812,21.45
813,24.42
814,18.34
815,28.02
816,25.16
817,16.63
818,25.73
819,31.03
820,24.48
821,23.85
822,20.92
823,32.06
824,19.43
825,24.12
826,23.39
827,22.54
828,19.93
829,20.13
830,23.77
831,28.73
832,25.10
833,29.60
834,29.05
835,23.82
836,19.94
837,30.62
838,29.95
839,22.43
840,19.97
841,24.28
842,24.30
843,25.72
844,23.51
845,23.61
846,23.23
847,19.59
848,18.78
849,20.52
850,25.94
851,25.24
852,23.74
853,20.14
854,27.55
855,23.24
856,23.92
857,29.55
858,26.37
859,25.75
860,21.71
861,24.77
862,26.57
863,23.00
864,21.70
865,20.97
866,20.92
867,25.66
868,23.94
869,21.79
870,23.21
871,20.93
872,24.67
873,22.00
874,25.92
875,24.19
876,25.50
877,21.74
878,17.98
879,25.11
880,25.20
881,28.75
882,24.05
883,17.57
884,26.06
885,24.46
886,24.66
887,25.63
888,23.22
889,26.87
890,24.08
891,23.71
892,23.10
893,24.44
894,24.25
895,21.30
896,23.84
897,26.11
898,25.64
899,25.73
900,23.36
901,20.04
902,27.31
903,24.74
904,33.64
905,26.44
906,30.63
907,24.42
908,27.29
909,16.63
910,24.73
911,19.91
912,23.44
913,14.97
914,31.88
915,32.57
916,51.33
917,33.88
918,50.01
919,53.41
920,57.91
921,53.94
922,70.64
923,51.80
924,52.15
925,45.85
926,54.52
927,35.01
928,45.99
929,39.69
930,39.45
931,48.77
932,59.63
933,56.48
934,49.18
935,50.74
936,29.88
937,49.15
938,46.33
939,48.79
940,66.71
941,48.56
942,51.21
943,47.69
944,35.61
945,49.53
946,49.36
947,46.71
948,47.42
949,44.46
950,41.75
951,48.96
952,46.11
953,34.17
954,47.02
955,39.28
956,44.16
957,37.50
958,40.65
959,46.52
960,49.96
961,50.10
962,39.35
963,48.88
964,49.45
965,42.72
966,46.35
967,57.93
968,63.15
969,35.93
970,48.18
971,64.83
972,45.62
973,40.03
974,43.17
975,42.44
976,45.67
977,45.27
978,75.04
979,40.55
980,42.63
981,64.20
982,38.72
983,43.41
984,47.44
985,45.82
986,40.53
987,43.45
988,39.96
989,38.90
990,72.30
991,46.85
992,43.90
993,36.03
994,55.05
995,31.61
996,43.09
997,45.30
998,39.06
999,39.42
1000,37.42
