1,7.23
2,7.23
3,7.23
4,7.23
5,7.23
6,7.23
7,7.23
8,7.23
9,7.23
10,11.66
11,18.18
12,16.70
13,7.72
14,16.77
15,8.69
16,8.20
17,18.06
18,17.23
19,7.61
20,17.62
21,15.64
22,17.24
23,16.68
24,16.53
25,18.21
26,15.53
27,15.08
28,16.32
29,7.68
30,13.26
31,9.79
32,14.06
33,8.89
34,12.52
35,8.38
36,8.69
37,7.44
38,14.75
39,16.57
40,8.14
41,8.28
42,10.50
43,8.01
44,20.84
45,7.23
46,7.25
47,22.38
48,21.82
49,7.23
50,22.43
51,7.23
52,22.78
53,21.52
54,12.64
55,8.83
56,10.27
57,19.53
58,16.75
59,7.53
60,10.10
61,21.14
62,12.60
63,11.91
64,12.80
65,25.79
66,19.02
67,13.21
68,26.10
69,14.28
70,27.37
71,12.80
72,24.08
73,14.40
74,19.22
75,25.30
76,8.59
77,18.94
78,8.71
79,30.37
80,19.21
81,7.53
82,7.23
83,18.01
84,28.83
85,7.23
86,17.63
87,14.41
88,7.23
89,13.44
90,25.08
91,12.37
92,15.20
93,7.23
94,30.32
95,7.23
96,11.07
97,27.42
98,10.36
99,9.26
100,7.33
101,9.91
102,8.93
103,28.90
104,27.55
105,7.23
106,8.12
107,10.79
108,8.44
109,8.67
110,7.23
111,9.43
112,7.23
113,11.99
114,12.78
115,17.22
116,11.98
117,16.40
118,15.60
119,13.23
120,13.44
121,13.57
122,12.45
123,14.92
124,13.28
125,11.13
126,11.96
127,11.91
128,14.88
129,12.38
130,12.11
131,15.10
132,12.38
133,13.32
134,12.82
135,12.12
136,11.70
137,12.73
138,11.10
139,11.94
140,10.19
141,11.14
142,9.09
143,7.57
144,10.58
145,7.74
146,12.43
147,8.04
148,16.04
149,8.05
150,15.24
151,16.16
152,7.47
153,14.43
154,10.71
155,27.59
156,7.47
157,8.71
158,11.41
159,7.33
160,7.35
161,10.30
162,12.85
163,8.61
164,6.00
165,7.26
166,8.03
167,7.43
168,10.46
169,8.68
170,9.68
171,11.11
172,9.91
173,12.92
174,9.36
175,10.48
176,7.70
177,9.61
178,8.64
179,8.53
180,115.38
181,122.29
182,33.50
183,33.96
184,100.83
185,34.17
186,58.93
187,52.27
188,40.67
189,42.08
190,59.80
191,58.33
192,40.68
193,31.99
194,62.79
195,29.71
196,79.44
197,71.05
198,41.68
199,70.42
200,73.24
201,52.36
202,72.49
203,19.49
204,33.40
205,71.98
206,28.31
207,18.82
208,17.33
209,24.00
210,31.00
211,31.73
212,19.79
213,17.71
214,22.60
215,14.87
216,28.52
217,16.66
218,8.09
219,10.76
220,7.56
221,11.99
222,8.50
223,7.57
224,16.67
225,8.37
226,11.14
227,14.59
228,12.23
229,22.19
230,13.76
231,36.04
232,67.49
233,121.31
234,82.63
235,70.90
236,117.66
237,175.57
238,76.43
239,70.82
240,135.81
241,86.16
242,96.27
243,66.03
244,57.99
245,47.10
246,73.31
247,105.96
248,53.20
249,55.58
250,93.65
251,89.30
252,45.08
253,77.81
254,29.08
255,25.14
256,58.07
257,40.39
258,74.39
259,31.86
260,65.25
261,49.32
262,37.00
263,24.17
264,28.61
265,36.86
266,28.31
267,33.08
268,29.87
269,22.35
270,26.74
271,25.92
272,32.97
273,29.10
274,26.45
275,27.27
276,28.04
277,39.61
278,29.47
279,21.04
280,12.25
281,52.60
282,38.68
283,68.66
284,14.64
285,45.54
286,14.48
287,12.48
288,9.06
289,11.53
290,31.85
291,7.25
292,24.48
293,22.09
294,21.46
295,22.49
296,13.94
297,7.23
298,74.21
299,26.46
300,16.73
301,66.93
302,71.70
303,120.34
304,19.90
305,19.28
306,183.55
307,20.62
308,23.62
309,38.12
310,39.30
311,9.19
312,18.02
313,34.69
314,12.57
315,13.78
316,30.23
317,15.64
318,16.92
319,15.73
320,40.89
321,18.50
322,28.91
323,59.74
324,61.28
325,32.41
326,34.36
327,20.13
328,26.94
329,40.47
330,27.43
331,16.54
332,19.52
333,14.86
334,28.10
335,15.60
336,12.88
337,16.28
338,19.70
339,13.03
340,27.54
341,15.21
342,11.76
343,30.30
344,9.11
345,8.62
346,16.95
347,34.86
348,16.51
349,9.40
350,18.46
351,11.05
352,19.47
353,14.65
354,22.03
355,10.44
356,14.41
357,23.17
358,19.86
359,10.78
360,12.05
361,16.95
362,21.75
363,7.38
364,17.10
365,12.40
366,7.23
367,17.23
368,26.14
369,17.10
370,28.80
371,11.38
372,27.99
373,21.16
374,34.15
375,7.48
376,12.81
377,22.30
378,18.31
379,27.43
380,37.99
381,12.75
382,23.36
383,55.32
384,11.10
385,127.57
386,8.67
387,20.77
388,32.89
389,7.60
390,8.57
391,10.18
392,7.75
393,8.79
394,9.65
395,7.35
396,12.58
397,8.55
398,10.32
399,8.93
400,14.39
401,44.45
402,12.89
403,30.42
404,9.14
405,26.61
406,26.85
407,26.83
408,33.95
409,28.32
410,30.64
411,54.44
412,44.25
413,33.62
414,40.31
415,11.03
416,9.48
417,16.97
418,8.31
419,21.79
420,18.52
421,14.14
422,8.04
423,24.63
424,7.23
425,22.06
426,7.37
427,13.58
428,40.21
429,37.73
430,8.74
431,51.68
432,13.41
433,11.40
434,23.22
435,17.49
436,19.87
437,7.23
438,21.52
439,17.60
440,59.77
441,7.23
442,11.08
443,27.25
444,30.52
445,8.75
446,56.61
447,58.30
448,8.34
449,11.52
450,9.64
451,20.69
452,21.41
453,12.64
454,7.33
455,11.94
456,27.40
457,13.32
458,9.09
459,7.23
460,21.79
461,7.23
462,7.23
463,7.46
464,7.39
465,14.25
466,30.90
467,47.04
468,58.04
469,7.23
470,8.32
471,61.14
472,30.62
473,41.33
474,56.24
475,26.93
476,9.32
477,30.52
478,9.89
479,29.05
480,8.72
481,20.20
482,20.18
483,15.11
484,11.06
485,8.46
486,50.60
487,125.61
488,11.99
489,41.78
490,13.30
491,117.69
492,39.43
493,14.71
494,30.76
495,17.87
496,25.85
497,18.80
498,23.78
499,17.38
500,88.04
501,32.02
502,28.53
503,42.09
504,27.71
505,78.40
506,28.23
507,19.83
508,57.48
509,92.03
510,18.68
511,34.19
512,52.05
513,22.26
514,22.04
515,83.19
516,66.51
517,14.64
518,40.78
519,78.90
520,22.17
521,39.16
522,24.84
523,31.51
524,30.54
525,39.48
526,102.32
527,34.21
528,34.11
529,30.67
530,105.21
531,60.56
532,31.86
533,115.19
534,74.59
535,32.54
536,104.71
537,18.31
538,16.56
539,80.81
540,13.11
541,11.80
542,83.77
543,10.36
544,18.38
545,92.30
546,20.84
547,32.62
548,76.88
549,35.08
550,113.83
551,30.48
552,43.51
553,34.14
554,114.45
555,15.68
556,62.55
557,60.64
558,98.29
559,65.86
560,54.12
561,131.86
562,32.32
563,55.36
564,67.69
565,116.92
566,55.16
567,70.37
568,55.84
569,70.53
570,53.86
571,76.91
572,59.57
573,122.11
574,38.76
575,77.93
576,133.48
577,34.38
578,51.60
579,76.89
580,31.25
581,40.81
582,106.85
583,43.73
584,49.07
585,42.58
586,70.80
587,35.60
588,80.00
589,83.75
590,44.48
591,102.02
592,91.08
593,27.60
594,85.88
595,19.99
596,35.06
597,103.57
598,94.66
599,43.36
600,78.93
601,17.42
602,97.97
603,70.71
604,14.07
605,101.08
606,33.13
607,22.46
608,24.73
609,7.23
610,10.77
611,34.31
612,7.23
613,7.23
614,7.23
615,7.85
616,7.63
617,13.48
618,15.19
619,7.89
620,13.45
621,9.42
622,13.41
623,7.42
624,8.56
625,7.51
626,13.99
627,8.03
628,7.23
629,7.97
630,7.23
631,7.23
632,7.80
633,9.00
634,7.23
635,8.27
636,8.66
637,7.30
638,7.23
639,8.00
640,7.23
641,7.41
642,14.38
643,8.73
644,9.72
645,11.16
646,7.72
647,10.32
648,7.36
649,7.46
650,8.20
651,11.21
652,6.09
653,11.25
654,9.59
655,90.21
656,25.24
657,34.20
658,110.44
659,68.49
660,18.67
661,91.27
662,10.64
663,43.54
664,14.55
665,8.07
666,77.55
667,87.55
668,69.32
669,76.30
670,16.05
671,59.78
672,84.34
673,20.63
674,7.23
675,7.27
676,7.23
677,7.23
678,7.23
679,7.23
680,12.71
681,8.01
682,8.02
683,7.89
684,11.98
685,7.43
686,7.96
687,7.94
688,14.85
689,7.67
690,13.58
691,7.25
692,7.64
693,7.90
694,11.97
695,20.50
696,26.71
697,22.50
698,14.78
699,9.04
700,8.26
701,15.01
702,14.07
703,22.40
704,14.83
705,17.97
706,19.44
707,18.59
708,15.12
709,13.23
710,10.17
711,12.56
712,11.82
713,15.71
714,7.12
715,11.34
716,7.90
717,19.66
718,13.23
719,13.76
720,12.52
721,15.87
722,22.75
723,16.40
724,24.44
725,13.29
726,18.55
727,9.39
728,24.48
729,22.37
730,21.89
731,21.55
732,17.03
733,16.84
734,18.90
735,21.47
736,9.33
737,25.03
738,23.04
739,15.01
740,23.37
741,24.38
742,15.41
743,22.86
744,12.21
745,22.82
746,15.88
747,9.42
748,24.12
749,25.44
750,9.49
751,19.35
752,21.92
753,22.14
754,17.96
755,13.96
756,20.52
757,16.61
758,19.91
759,23.57
760,16.73
761,18.22
762,14.72
763,21.43
764,17.61
765,15.19
766,16.15
767,17.58
768,16.95
769,17.95
770,18.91
771,20.28
772,18.19
773,18.11
774,17.78
775,19.48
776,18.85
777,16.04
778,20.72
779,24.91
780,20.62
781,22.37
782,19.87
783,11.13
784,20.12
785,10.70
786,15.52
787,15.33
788,9.98
789,20.69
790,16.60
791,8.71
792,10.60
793,16.33
794,15.35
795,8.67
796,11.14
797,14.50
798,17.81
799,9.28
800,18.18
801,17.18
802,20.30
803,22.89
804,19.89
805,8.64
806,10.76
807,15.90
808,18.54
809,15.82
810,8.66
811,11.12
812,8.95
813,17.78
814,10.29
815,19.12
816,16.36
817,8.75
818,17.87
819,27.18
820,17.50
821,15.91
822,9.64
823,31.64
824,8.76
825,16.90
826,16.24
827,15.69
828,9.76
829,10.40
830,16.14
831,27.05
832,14.79
833,27.00
834,29.79
835,14.11
836,9.72
837,28.34
838,23.48
839,14.16
840,8.78
841,14.73
842,13.91
843,18.95
844,17.66
845,20.23
846,16.68
847,10.41
848,10.71
849,9.71
850,18.02
851,20.35
852,18.70
853,9.02
854,21.25
855,16.25
856,17.20
857,23.88
858,22.04
859,21.17
860,14.99
861,15.21
862,22.09
863,16.08
864,16.62
865,14.43
866,8.37
867,18.80
868,16.15
869,12.75
870,17.60
871,9.49
872,15.76
873,15.23
874,19.99
875,20.31
876,16.99
877,18.99
878,11.36
879,24.20
880,23.10
881,24.34
882,17.49
883,12.32
884,23.10
885,16.66
886,21.87
887,28.64
888,20.29
889,27.46
890,22.56
891,26.70
892,27.34
893,20.67
894,21.82
895,9.87
896,24.87
897,23.88
898,22.51
899,21.90
900,19.54
901,10.60
902,34.53
903,20.61
904,38.15
905,20.28
906,36.81
907,23.11
908,21.13
909,10.22
910,17.56
911,10.74
912,16.80
913,9.49
914,32.87
915,19.37
916,65.82
917,19.65
918,41.09
919,59.89
920,65.19
921,50.44
922,30.60
923,83.24
924,55.76
925,65.90
926,71.90
927,16.76
928,63.47
929,20.15
930,21.47
931,47.46
932,72.11
933,32.42
934,62.91
935,62.79
936,17.71
937,53.41
938,60.57
939,62.35
940,22.92
941,54.65
942,55.96
943,69.34
944,22.38
945,58.78
946,53.27
947,47.06
948,57.54
949,64.70
950,55.62
951,52.99
952,17.97
953,29.24
954,38.66
955,12.32
956,75.35
957,29.02
958,36.88
959,18.76
960,67.62
961,71.55
962,21.52
963,63.93
964,76.47
965,21.40
966,53.55
967,88.60
968,89.27
969,26.96
970,22.40
971,86.84
972,41.81
973,23.52
974,34.11
975,27.77
976,17.62
977,43.77
978,78.97
979,29.78
980,57.38
981,104.05
982,23.19
983,39.16
984,26.31
985,44.60
986,29.18
987,42.74
988,59.23
989,25.97
990,101.22
991,21.57
992,22.36
993,43.33
994,112.14
995,28.08
996,54.56
997,22.35
998,58.37
999,23.90
1000,63.30